0 0.496 0.715931
50 0.4972 0.686714
100 0.4992 0.80527
150 0.748 0.626067
200 0.6868 0.614618
250 0.7292 0.608238
300 0.7348 0.60539
350 0.7432 0.604676
400 0.74 0.604425
450 0.7336 0.606369
500 0.74 0.604603
550 0.738 0.606008
600 0.736 0.605901
650 0.7368 0.604122
700 0.7404 0.604282
750 0.7344 0.605393
800 0.742 0.604398
850 0.734 0.607512
900 0.7388 0.604641
950 0.7368 0.604912
1000 0.7184 0.612648
1050 0.7332 0.588964
1100 0.7376 0.591903
1150 0.738 0.588099 
1200 0.7388 0.588432
1250 0.7364 0.587956
1300 7368 .584839
1350 0.7404 0.582239
1400 0.7388 0.581713
1450 0.736 0.583795 
1500 0.7408 0.579253

